accuracy: 0.8062455642299503
precision: 0.6633333333333333
recall: 0.5363881401617251
f1-score: 0.5931445603576752
