accuracy: 0.8034066713981547
precision: 0.6441717791411042
recall: 0.5660377358490566
f1-score: 0.6025824964131994
