accuracy: 0.78708303761533
precision: 0.6085626911314985
recall: 0.5363881401617251
f1-score: 0.5702005730659025
