accuracy: 0.794180269694819
precision: 0.6246153846153846
recall: 0.5471698113207547
f1-score: 0.5833333333333334
