accuracy: 0.7530163236337828
precision: 0.5308310991957105
recall: 0.5336927223719676
f1-score: 0.532258064516129
